linear,1,300,31371.0944975063
linear,1,300,32942.281582179254
linear,1,300,32431.970955765348
linear,1,300,31212.256659604278
linear,1,300,32525.648549932455
linear,1,300,32029.497010209896
linear,1,300,32593.440443107665
linear,1,300,31634.918282683524
linear,1,300,31392.96234755468
linear,1,300,32368.27640697174
linear,1,300,31791.191164638913
linear,1,300,31759.35152274383
linear,1,300,32606.103567912436
linear,1,300,30999.85798320375
linear,1,300,31405.614611784913
linear,1,300,31434.062860487484
linear,1,300,31294.037729805725
linear,1,300,31524.81920740562
linear,1,300,31523.606520405294
linear,1,300,31887.867174147606
linear,1,300,31823.693965884017
linear,1,300,32310.99256568347
linear,1,300,32067.08631399098
linear,1,300,31920.364113535463
linear,1,300,32168.172269851628
linear,1,300,31830.37348136727
linear,1,300,32326.878617256712
linear,1,300,32637.314824395347
linear,1,300,31688.33877932156
linear,1,300,30555.75229640316
linear,1,300,32338.050390703575
linear,1,300,31648.534214634958
linear,1,300,32638.099278239373
linear,1,300,32548.348089627045
linear,1,300,32895.58808794183
linear,1,300,31842.862859462548
linear,1,300,32130.57646630307
linear,1,300,31606.5527005037
linear,1,300,32445.23205757047
linear,1,300,31672.45861500655
linear,1,300,31964.162277305717
linear,1,300,32002.447171795626
linear,1,300,31091.999658835244
linear,1,300,30739.709622005346
linear,1,300,30960.549543962574
linear,1,300,31843.915209268034
linear,1,300,32009.887437745067
linear,1,300,32559.361383667878
linear,1,300,31536.844652704716
linear,1,300,32966.49095753973
linear,1,300,30918.643591936947
linear,1,300,31255.571930685168
linear,1,300,30353.31058128832
linear,1,300,31624.219823508072
linear,1,300,31576.544815322675
linear,1,300,31786.64436316319
linear,1,300,31764.865951911393
linear,1,300,31955.180972424103
linear,1,300,30904.86872931156
linear,1,300,32054.577845794935
linear,1,300,30895.954744605642
linear,1,300,32101.96634840527
linear,1,300,31248.389717926417
linear,1,300,33603.27649800779
linear,1,300,31903.135613611663
linear,1,300,31802.915770794898
linear,1,300,32579.238500944073
linear,1,300,31369.348674549365
linear,1,300,33214.72640126108
linear,1,300,31789.319300051247
linear,1,300,31784.809594849055
linear,1,300,31903.572470292336
linear,1,300,32346.310059792166
linear,1,300,31216.47114273206
linear,1,300,32257.75174764868
linear,1,300,32141.513585118973
linear,1,300,31180.794693736356
linear,1,300,31918.193362156246
linear,1,300,31762.309952745793
linear,1,300,32784.84347418327
linear,1,300,30599.997209330908
linear,1,300,32482.657323751366
linear,1,300,31605.954066158472
linear,1,300,31403.97712987495
linear,1,300,31228.336204794407
linear,1,300,31756.112876469102
linear,1,300,32128.964637244822
linear,1,300,32262.54512859584
linear,1,300,32305.31253774678
linear,1,300,31788.795088370232
linear,1,300,32048.686915986003
linear,1,300,32416.961836061004
linear,1,300,32317.121297976224
linear,1,300,31870.76358252144
linear,1,300,30366.194783561514
linear,1,300,32645.405382464378
linear,1,300,31907.959904059175
linear,1,300,32267.848143123632
linear,1,300,31772.734606458755
linear,1,300,31236.37533941402
linear,1,300,32997.03935091258
linear,1,300,31887.6244648899
linear,1,300,31247.674661961246
linear,1,300,32352.82856159055
linear,1,300,32443.8270743395
linear,1,300,31945.775316392057
linear,1,300,32621.16057503974
linear,1,300,31534.767723484183
linear,1,300,32314.194555866074
linear,1,300,32320.95089260741
linear,1,300,31592.004875897128
linear,1,300,31468.724688017384
linear,1,300,32471.141599168768
linear,1,300,33028.34888949887
linear,1,300,31647.10180165003
linear,1,300,32417.989172236565
linear,1,300,32330.56442569218
linear,1,300,32158.949637159123
linear,1,300,31381.898575353647
linear,1,300,31308.633998582605
linear,1,300,32540.11049644148
linear,1,300,33061.98291808433
linear,1,300,31704.963156425107
linear,1,300,32128.77435326009
linear,1,300,31421.086326012042
linear,1,300,32320.711484419753
linear,1,300,31668.44598585698
linear,1,300,31582.412503036205
linear,1,300,31584.79697639931
linear,1,300,31003.35608535926
linear,1,300,32444.971863428524
linear,1,300,32312.110042831075
linear,1,300,32197.699191752487
linear,1,300,31763.302084035735
linear,1,300,32822.860627952374
linear,1,300,31773.589545351017
linear,1,300,33160.03687757672
linear,1,300,30960.56069749742
linear,1,300,31229.61037611296
linear,1,300,31158.13030119991
linear,1,300,32471.913255122054
linear,1,300,32285.72608024484
linear,1,300,31329.344361003215
linear,1,300,32086.584870552175
linear,1,300,31622.06025266698
linear,1,300,31494.544588049368
linear,1,300,31905.458782978247
linear,1,300,32348.620309961116
linear,1,300,31559.50566348893
linear,1,300,31310.437999810954
linear,1,300,32692.79509637887
linear,1,300,32324.664399844976
linear,1,300,31962.750311894622
linear,1,300,31386.211074182047
linear,1,300,31726.036397317435
linear,1,300,31329.40932854978
linear,1,300,31577.03540576065
linear,1,300,31441.35869910238
linear,1,300,31444.92755115117
linear,1,300,31222.249635875043
linear,1,300,31769.44849495828
linear,1,300,31285.59935259586
linear,1,300,31333.266835946175
linear,1,300,30954.654337716813
linear,1,300,31827.190488610417
linear,1,300,31717.49186504639
linear,1,300,31643.48498147311
linear,1,300,31664.62033364689
linear,1,300,32052.938642109013
linear,1,300,32619.64599228441
linear,1,300,31466.421335511775
linear,1,300,31589.907404999605
linear,1,300,31728.90511554198
linear,1,300,32282.688769844794
linear,1,300,32492.47023146743
linear,1,300,32133.55509212053
linear,1,300,31656.26822028845
linear,1,300,31824.617813390392
linear,1,300,31555.673692075576
linear,1,300,31660.34892049311
linear,1,300,31285.7281638105
linear,1,300,31114.918197113555
linear,1,300,31468.91788415378
linear,1,300,30988.12887308146
linear,1,300,31840.96978304144
linear,1,300,31169.801918955178
linear,1,300,30483.600546129797
linear,1,300,31878.271611595635
linear,1,300,30737.466111785267
linear,1,300,32433.320803641946
linear,1,300,32288.907635223575
linear,1,300,31439.548109161562
linear,1,300,31437.068008787104
linear,1,300,31361.765820852845
linear,1,300,31376.697135383343
linear,1,300,31549.35125851317
linear,1,300,33128.94723153234
linear,1,300,31634.487590223784
linear,1,300,31233.015687976567
linear,1,300,32172.502239936835
linear,1,300,31923.353868478
linear,1,300,31859.281432886863
linear,1,300,31875.5710682548
linear,1,300,31057.244933586353
linear,1,300,32933.52608066639
linear,1,300,32404.091709865395
linear,1,300,32058.196050998686
linear,1,300,32094.411617808004
linear,1,300,32162.008461224472
linear,1,300,31193.160731075077
linear,1,300,32076.589592657456
linear,1,300,32737.20483123743
linear,1,300,31698.744060363257
linear,1,300,31202.1555181538
linear,1,300,31573.99467522786
linear,1,300,32206.80407633508
linear,1,300,31842.35417834364
linear,1,300,32039.24640781205
linear,1,300,32135.54506009677
linear,1,300,32317.611981167094
linear,1,300,32368.544909168202
linear,1,300,32056.034800514815
linear,1,300,31040.874104985327
linear,1,300,31354.86853032233
linear,1,300,31702.773174435784
linear,1,300,32093.185927359347
linear,1,300,31101.524871014535
linear,1,300,32112.78713517253
linear,1,300,33316.88530153211
linear,1,300,32004.8698797793
linear,1,300,30402.985096202687
linear,1,300,31580.973311051715
linear,1,300,32245.463619075184
linear,1,300,31045.63553760385
linear,1,300,32470.069553660516
linear,1,300,31470.841864912614
linear,1,300,33897.04728952065
linear,1,300,31292.915334426212
linear,1,300,32959.37698300863
linear,1,300,31421.25001898295
linear,1,300,31056.171197863947
linear,1,300,31635.148256891796
linear,1,300,32296.03777216534
linear,1,300,31021.38108165368
linear,1,300,32159.009378961324
linear,1,300,32432.330494746522
linear,1,300,30497.326374489923
linear,1,300,31191.011274273285
linear,1,300,30910.28672725726
linear,1,300,32819.63979338589
linear,1,300,31924.097274523334
linear,1,300,31436.65705630446
linear,1,300,31688.07188049862
linear,1,300,31902.535066762895
linear,1,300,32502.038693087274
linear,1,300,32665.60881953105
linear,1,300,31614.564277804562
linear,1,300,32092.47372573381
linear,1,300,30155.42106840356
linear,1,300,31282.283102423316
linear,1,300,30808.821808653374
linear,1,300,32130.174307877813
linear,1,300,32638.78036069063
linear,1,300,31426.03779969771
linear,1,300,31881.690501918903
linear,1,300,31184.091141608045
linear,1,300,31963.879360950974
linear,1,300,32053.513289671107
linear,1,300,31975.03003228886
linear,1,300,32148.514281647316
linear,1,300,32014.447944116226
linear,1,300,32880.219779137915
linear,1,300,31127.695720298892
linear,1,300,31708.560478094976
linear,1,300,32540.890202404415
linear,1,300,31145.054761416286
linear,1,300,30787.31323618202
linear,1,300,32624.95092570132
linear,1,300,31494.340390380337
linear,1,300,32234.70575974901
linear,1,300,32141.7758927869
linear,1,300,32093.267875184014
linear,1,300,31207.251346119778
linear,1,300,32434.72727217098
linear,1,300,31853.385059768258
linear,1,300,31563.93689060123
linear,1,300,32427.807651352214
linear,1,300,31992.815174929063
linear,1,300,32610.996031697174
linear,1,300,30865.959516036964
linear,1,300,32383.851579537564
linear,1,300,31795.292257729154
linear,1,300,32442.034069878202
linear,1,300,32136.152509637588
linear,1,300,31654.98740644272
linear,1,300,31596.50804918775
linear,1,300,31710.697907797166
linear,1,300,31752.68313473376
linear,1,300,31906.828929235995
linear,1,300,31674.359335074347
linear,1,300,31576.975048706332
