linear,1,530,1338.2408137000073
linear,1,530,1581.61568372587
linear,1,530,1568.0730867719305
linear,1,530,1384.785846476386
linear,1,530,1418.844387936361
linear,1,530,1398.3890164594202
linear,1,530,1487.344229099149
linear,1,530,1419.1998276312054
linear,1,530,1557.4247021646893
linear,1,530,1486.196668374041
linear,1,530,1426.0043674550657
linear,1,530,1427.3321108851285
linear,1,530,1524.5678610682062
linear,1,530,1517.1960289546405
linear,1,530,1515.786182090613
linear,1,530,1418.281851470008
linear,1,530,1519.409081159876
linear,1,530,1368.8703764065237
linear,1,530,1388.0655827402136
linear,1,530,1497.801177792703
linear,1,530,1496.8778024204648
linear,1,530,1465.8122671630042
linear,1,530,1535.573168412545
linear,1,530,1418.1879890364935
linear,1,530,1327.6903206635188
linear,1,530,1347.721943316432
linear,1,530,1450.7650372613086
linear,1,530,1399.5768492394463
linear,1,530,1551.4714212575989
linear,1,530,1421.4762923366857
linear,1,530,1519.1445846401368
linear,1,530,1501.6960431885257
linear,1,530,1563.3862559407967
linear,1,530,1468.3239544535595
linear,1,530,1509.620500759635
linear,1,530,1437.358903644406
linear,1,530,1541.7766391029181
linear,1,530,1417.5484513522804
linear,1,530,1455.1252720581472
linear,1,530,1586.0918400905002
linear,1,530,1544.277419609527
linear,1,530,1516.427956626881
linear,1,530,1368.9193511821302
linear,1,530,1537.7760819115877
linear,1,530,1483.1578607727463
linear,1,530,1434.2584649995727
linear,1,530,1438.6327417768227
linear,1,530,1489.372055380765
linear,1,530,1324.895576639291
linear,1,530,1511.227585908727
linear,1,530,1420.2340633702156
linear,1,530,1531.725362690415
linear,1,530,1514.6511474322108
linear,1,530,1454.7806290033477
linear,1,530,1559.3819276508418
linear,1,530,1344.737404944318
linear,1,530,1471.1347592916848
linear,1,530,1468.259260152939
linear,1,530,1431.005772071776
linear,1,530,1402.8960607346576
linear,1,530,1469.6242683865667
linear,1,530,1332.855956983451
linear,1,530,1403.5040353451368
linear,1,530,1404.871884064484
linear,1,530,1459.7820400390208
linear,1,530,1450.3146453932247
linear,1,530,1472.5562466621125
linear,1,530,1411.4669062260712
linear,1,530,1549.373048536433
linear,1,530,1394.9491822673813
linear,1,530,1469.884974458296
linear,1,530,1567.9574458346924
linear,1,530,1555.5874529836644
linear,1,530,1496.002023018132
linear,1,530,1445.4699578785487
linear,1,530,1451.373535367887
linear,1,530,1398.5779496550417
linear,1,530,1594.1874993595416
linear,1,530,1433.100092420695
linear,1,530,1485.9316014941805
linear,1,530,1486.7961870242812
linear,1,530,1369.7738131709189
linear,1,530,1469.3406426495028
linear,1,530,1510.391024460689
linear,1,530,1402.7211253824491
linear,1,530,1354.2999166392337
linear,1,530,1434.0294814998044
linear,1,530,1447.0926973997987
linear,1,530,1428.7473570127397
linear,1,530,1316.5301401554493
linear,1,530,1397.7859063922729
linear,1,530,1326.3051182400636
linear,1,530,1531.6877707229064
linear,1,530,1587.9659961199634
linear,1,530,1553.6968673695367
linear,1,530,1443.28709499218
linear,1,530,1378.1093054211685
linear,1,530,1401.1262583330713
linear,1,530,1592.1354392844978
linear,1,530,1601.9297605710733
linear,1,850,1421.766721796979
linear,1,850,1449.7546309077386
linear,1,850,1391.6881058945085
linear,1,850,1426.1502642915766
linear,1,850,1474.4741991953417
linear,1,850,1672.0289712862734
linear,1,850,1511.2742925686352
linear,1,850,1522.2015142679227
linear,1,850,1401.6530289929487
linear,1,850,1415.118643986881
linear,1,850,1458.6469660223145
linear,1,850,1456.9092906121484
linear,1,850,1502.2469349663368
linear,1,850,1441.3284908111439
linear,1,850,1564.1771962189925
linear,1,850,1536.6107113560415
linear,1,850,1548.3631120465197
linear,1,850,1496.3687464818477
linear,1,850,1546.8696805818042
linear,1,850,1514.8851961093126
linear,1,850,1519.2066587027145
linear,1,850,1410.702945193973
linear,1,850,1434.4838519380176
linear,1,850,1490.15465057704
linear,1,850,1492.1640328170165
linear,1,850,1600.154657196398
linear,1,850,1441.7595823046606
linear,1,850,1585.344185716545
linear,1,850,1626.3780322526916
linear,1,850,1596.8491267450454
linear,1,850,1490.1913292697202
linear,1,850,1475.5915355446389
linear,1,850,1606.712654688713
linear,1,850,1407.9963975586795
linear,1,850,1433.6250846588139
linear,1,850,1388.768389513865
linear,1,850,1454.619866947428
linear,1,850,1457.8781781662822
linear,1,850,1457.3458086602511
linear,1,850,1507.365734164405
linear,1,850,1666.4444324105482
linear,1,850,1503.6305122044896
linear,1,850,1472.1889665858123
linear,1,850,1622.6900945536552
linear,1,850,1556.838922775203
linear,1,850,1624.1658658832353
linear,1,850,1486.5146509134909
linear,1,850,1534.9754295095472
linear,1,850,1550.1546935835001
linear,1,850,1463.5607945781444
linear,1,850,1465.5149209568117
linear,1,850,1572.7712765392298
linear,1,850,1401.8105953832394
linear,1,850,1463.880007882947
linear,1,850,1466.466499003604
linear,1,850,1445.136536515926
linear,1,850,1559.8297832766382
linear,1,850,1497.5520728269307
linear,1,850,1483.3996873135156
linear,1,850,1604.7287278084614
linear,1,850,1490.8490753553663
linear,1,850,1537.7132757976444
linear,1,850,1495.1554056373977
linear,1,850,1513.932022296869
linear,1,850,1609.5649132740095
linear,1,850,1475.1992556681337
linear,1,850,1432.3982695296381
linear,1,850,1398.978249610668
linear,1,850,1500.8011716297922
linear,1,850,1480.8156417804994
linear,1,850,1539.9554508116867
linear,1,850,1538.1805141074892
linear,1,850,1444.917950190627
linear,1,850,1450.757371926952
linear,1,850,1393.448576229506
linear,1,850,1537.3642973112812
linear,1,850,1523.706804546238
linear,1,850,1503.4214724433177
linear,1,850,1531.6571916967607
linear,1,850,1564.1133622896177
linear,1,850,1484.6967992477105
linear,1,850,1529.1400190863694
linear,1,850,1467.4168051618485
linear,1,850,1603.003348988172
linear,1,850,1533.9068464945115
linear,1,850,1534.8562659400209
linear,1,850,1455.2440931258532
linear,1,850,1417.3728937275073
linear,1,850,1506.553403549232
linear,1,850,1443.2122305903022
linear,1,850,1430.188108160926
linear,1,850,1475.3017242664112
linear,1,850,1592.8477319831952
linear,1,850,1506.258445559432
linear,1,850,1603.6339992542885
linear,1,850,1544.100558370207
linear,1,850,1521.1173740703991
linear,1,850,1481.9629704081838
linear,1,850,1491.327163942513
linear,1,850,1440.9099361920992
linear,1,1700,1554.0631373851775
linear,1,1700,1448.6919477854874
linear,1,1700,1458.7044233374597
linear,1,1700,1454.1193314156278
linear,1,1700,1548.4620827359759
linear,1,1700,1487.176062328734
linear,1,1700,1560.784915048497
linear,1,1700,1452.3324284871887
linear,1,1700,1407.9430745531338
linear,1,1700,1413.5942945450465
linear,1,1700,1572.1471679589934
linear,1,1700,1412.3560661822949
linear,1,1700,1459.351382402294
linear,1,1700,1423.133989927563
linear,1,1700,1448.9323469945286
linear,1,1700,1475.9604963158001
linear,1,1700,1531.4950422942845
linear,1,1700,1551.906006363421
linear,1,1700,1467.4352151149167
linear,1,1700,1460.503698350778
linear,1,1700,1370.2041498797132
linear,1,1700,1432.8410225463676
linear,1,1700,1486.3981495506132
linear,1,1700,1417.7861371757408
linear,1,1700,1418.6022562463559
linear,1,1700,1504.3058980393246
linear,1,1700,1379.004590779174
linear,1,1700,1501.6457740761866
linear,1,1700,1427.606249911786
linear,1,1700,1478.6613497066262
linear,1,1700,1458.4754786175033
linear,1,1700,1389.1324018232083
linear,1,1700,1429.1956351830263
linear,1,1700,1622.755108147801
linear,1,1700,1458.6487130296955
linear,1,1700,1400.8298937832699
linear,1,1700,1400.606718713119
linear,1,1700,1389.571434897144
linear,1,1700,1394.1220745745677
linear,1,1700,1550.6962762599164
linear,1,1700,1491.3914150722512
linear,1,1700,1442.2627044906446
linear,1,1700,1375.2231804140047
linear,1,1700,1507.5045624079285
linear,1,1700,1576.2973818808066
linear,1,1700,1480.0307071647399
linear,1,1700,1465.476493631897
linear,1,1700,1478.0069883235226
linear,1,1700,1438.5456109314455
linear,1,1700,1402.1265935844713
linear,1,1700,1442.113330871914
linear,1,1700,1414.8254669930752
linear,1,1700,1634.5131984004374
linear,1,1700,1442.007026462673
linear,1,1700,1424.0414227056624
linear,1,1700,1476.3758696365835
linear,1,1700,1502.7749456642118
linear,1,1700,1437.6840390081413
linear,1,1700,1457.4312386177141
linear,1,1700,1308.7486160839999
linear,1,1700,1575.17313654042
linear,1,1700,1481.2090683172962
linear,1,1700,1545.7054163469757
linear,1,1700,1388.068099242623
linear,1,1700,1582.5077049716606
linear,1,1700,1395.6446501710534
linear,1,1700,1523.2566175788313
linear,1,1700,1421.5774692599791
linear,1,1700,1492.6457529871843
linear,1,1700,1414.877220232259
linear,1,1700,1549.1399992588456
linear,1,1700,1456.991122433233
linear,1,1700,1346.533435649325
linear,1,1700,1346.912739576177
linear,1,1700,1520.1922680061427
linear,1,1700,1485.9443864693758
linear,1,1700,1433.4318154767805
linear,1,1700,1469.1125939664655
linear,1,1700,1538.7368611172335
linear,1,1700,1479.7843512382835
linear,1,1700,1504.0756487870954
linear,1,1700,1424.9880893638617
linear,1,1700,1522.2017753901896
linear,1,1700,1308.7725093933711
linear,1,1700,1391.5697838675494
linear,1,1700,1429.9804165403104
linear,1,1700,1486.9243974683366
linear,1,1700,1446.0513457554032
linear,1,1700,1319.0252255257549
linear,1,1700,1369.4930125410433
linear,1,1700,1436.5915883208954
linear,1,1700,1361.8750977460115
linear,1,1700,1485.538989762372
linear,1,1700,1504.1487137706854
linear,1,1700,1370.8401915397287
linear,1,1700,1380.3477862135796
linear,1,1700,1493.4709870933523
linear,1,1700,1480.7977136414963
linear,1,1700,1340.3409762116949
linear,1,1700,1419.6304153018793
linear,2,530,1425.0350399552988
linear,2,530,1474.0346660921023
linear,2,530,1526.477515798838
linear,2,530,1347.0727187302957
linear,2,530,1547.7639635536314
linear,2,530,1494.3309333697307
linear,2,530,1380.0182291566548
linear,2,530,1384.813328142932
linear,2,530,1440.2941843983094
linear,2,530,1517.76499745173
linear,2,530,1583.4025239500265
linear,2,530,1386.6619493739595
linear,2,530,1376.495420745225
linear,2,530,1442.141411233661
linear,2,530,1532.3566356088663
linear,2,530,1488.1990499786575
linear,2,530,1539.841267836492
linear,2,530,1441.1270116370533
linear,2,530,1433.0306918369986
linear,2,530,1468.9164909910155
linear,2,530,1379.1790322535608
linear,2,530,1524.4914124318707
linear,2,530,1411.6689783413558
linear,2,530,1597.3083885411465
linear,2,530,1524.1327574893694
linear,2,530,1410.0789960220113
linear,2,530,1542.3659606774581
linear,2,530,1383.8965666922861
linear,2,530,1456.375158894397
linear,2,530,1587.542758142088
linear,2,530,1377.030123989434
linear,2,530,1470.8499030058986
linear,2,530,1402.8569742558736
linear,2,530,1500.550429206457
linear,2,530,1548.3920305421482
linear,2,530,1609.4122846153869
linear,2,530,1560.485476310196
linear,2,530,1441.4815108422204
linear,2,530,1509.7342784299851
linear,2,530,1473.5226663298995
linear,2,530,1530.5404601019059
linear,2,530,1505.6304020205794
linear,2,530,1453.23117498244
linear,2,530,1521.2747779246374
linear,2,530,1391.9550002176827
linear,2,530,1426.2959158876843
linear,2,530,1460.1158052824628
linear,2,530,1484.2976104953318
linear,2,530,1417.0959297525426
linear,2,530,1422.8970794769612
linear,2,530,1508.5736733299045
linear,2,530,1541.9693422836574
linear,2,530,1266.6694376602154
linear,2,530,1469.9441261313198
linear,2,530,1481.3651280529343
linear,2,530,1416.1768692676221
linear,2,530,1474.4647265719748
linear,2,530,1570.3441633393227
linear,2,530,1418.0593241576703
linear,2,530,1460.407360111155
linear,2,530,1427.1168135978119
linear,2,530,1460.6283641788834
linear,2,530,1471.6895537192427
linear,2,530,1271.6931711153018
linear,2,530,1690.6892119502872
linear,2,530,1611.296654100053
linear,2,530,1434.0682250107666
linear,2,530,1385.4936582073385
linear,2,530,1476.3830727966497
linear,2,530,1546.8200735796129
linear,2,530,1507.4379016866571
linear,2,530,1467.6734475318765
linear,2,530,1509.8157129454364
linear,2,530,1494.5594529323596
linear,2,530,1546.8426016151868
linear,2,530,1441.3145705201123
linear,2,530,1516.8089749649455
linear,2,530,1462.8171932878085
linear,2,530,1380.0916107618464
linear,2,530,1313.454550987135
linear,2,530,1498.9379920075796
linear,2,530,1543.150912372359
linear,2,530,1554.5934136218623
linear,2,530,1527.5952544549425
linear,2,530,1477.668816152368
linear,2,530,1410.2140442609373
linear,2,530,1565.101299039246
linear,2,530,1483.6574474443842
linear,2,530,1416.677784688166
linear,2,530,1465.236816751559
linear,2,530,1414.7617824002605
linear,2,530,1378.4943182938557
linear,2,530,1483.782441289958
linear,2,530,1420.1968276098523
linear,2,530,1406.8205628752307
linear,2,530,1418.4302700667436
linear,2,530,1472.6423928795357
linear,2,530,1468.8539287498472
linear,2,530,1500.478377805482
linear,2,530,1386.152002085851
linear,2,850,1476.3077173162085
linear,2,850,1272.926635249641
linear,2,850,1356.3203067260808
linear,2,850,1543.8496003955204
linear,2,850,1338.2327045594495
linear,2,850,1492.2991358239244
linear,2,850,1406.5876072456786
linear,2,850,1349.1811186930804
linear,2,850,1238.0044459038952
linear,2,850,1329.1060292717004
linear,2,850,1345.0203326728188
linear,2,850,1437.7997439666726
linear,2,850,1449.6909753260393
linear,2,850,1400.0454032473453
linear,2,850,1494.3127412239533
linear,2,850,1433.1180906876127
linear,2,850,1356.5420380532678
linear,2,850,1347.0930211017524
linear,2,850,1392.4334676967594
linear,2,850,1470.725281822375
linear,2,850,1371.415571979877
linear,2,850,1423.9352806357253
linear,2,850,1310.9064389028338
linear,2,850,1440.1704019303197
linear,2,850,1516.7019579497335
linear,2,850,1372.9397361754973
linear,2,850,1388.7080715201307
linear,2,850,1131.8816915782543
linear,2,850,1406.2757146106042
linear,2,850,1397.941922495499
linear,2,850,1388.5345998090886
linear,2,850,1229.9604189834308
linear,2,850,1375.4961228036434
linear,2,850,1338.4163707307303
linear,2,850,1419.8835436235684
linear,2,850,1478.3060180633486
linear,2,850,1318.2071603061454
linear,2,850,1358.9117981839506
linear,2,850,1280.1549242754804
linear,2,850,1334.0830768845365
linear,2,850,1305.9119844046957
linear,2,850,1498.9784482337104
linear,2,850,1367.080744623208
linear,2,850,1335.6453761430032
linear,2,850,1494.8879675494006
linear,2,850,1428.150817234664
linear,2,850,1395.4356365455071
linear,2,850,1272.841658551275
linear,2,850,1348.844707398828
linear,2,850,1459.7793549705827
linear,2,850,1359.8718231495327
linear,2,850,1449.4467190746568
linear,2,850,1367.5182392434267
linear,2,850,1484.9573489671443
linear,2,850,1446.8526294528967
linear,2,850,1487.491036438345
linear,2,850,1395.8765459721626
linear,2,850,1470.1525332527494
linear,2,850,1359.4127870270493
linear,2,850,1409.2453534889798
linear,2,850,1345.698824240385
linear,2,850,1341.9945047771405
linear,2,850,1596.4512232880436
linear,2,850,1381.7609522343273
linear,2,850,1397.1055480339655
linear,2,850,1361.5314584048103
linear,2,850,1502.171363160824
linear,2,850,1401.2302958528294
linear,2,850,1428.4647141137748
linear,2,850,1405.2803198526165
linear,2,850,1232.1315494228006
linear,2,850,1393.6772854027224
linear,2,850,1464.144034213901
linear,2,850,1437.9857867418646
linear,2,850,1244.3523390161802
linear,2,850,1301.6181425272823
linear,2,850,1415.2803928113717
linear,2,850,1464.6588890833273
linear,2,850,1455.6154243863707
linear,2,850,1367.2879921735757
linear,2,850,1539.2818846680957
linear,2,850,1383.8043650251238
linear,2,850,1482.071490072731
linear,2,850,1392.0693334347272
linear,2,850,1407.7072964373633
linear,2,850,1367.580282591674
linear,2,850,1388.0158203255344
linear,2,850,1313.3506606697606
linear,2,850,1493.5266654178583
linear,2,850,1377.4581287868182
linear,2,850,1439.077528850434
linear,2,850,1464.7326329984176
linear,2,850,1481.9898119077204
linear,2,850,1389.7203899211654
linear,2,850,1226.8799966802128
linear,2,850,1345.929319127358
linear,2,850,1457.9230624505742
linear,2,850,1491.5089258224714
linear,2,850,1370.2791136585338
linear,2,850,1238.282483728697
linear,2,1700,1361.1026222445612
linear,2,1700,1471.0129415818608
linear,2,1700,1267.6525161982781
linear,2,1700,1440.3092099016555
linear,2,1700,1374.6844636157239
linear,2,1700,1410.1981858093836
linear,2,1700,1401.524842105735
linear,2,1700,1451.32761824001
linear,2,1700,1432.9970078437882
linear,2,1700,1313.2298361758553
linear,2,1700,1337.7429727976764
linear,2,1700,1403.249014135539
linear,2,1700,1333.0685111787413
linear,2,1700,1430.3165325771542
linear,2,1700,1398.0450989611097
linear,2,1700,1431.9458798051658
linear,2,1700,1447.3645607723035
linear,2,1700,1505.145640877505
linear,2,1700,1586.8342238386988
linear,2,1700,1527.956321801585
linear,2,1700,1545.7209103039338
linear,2,1700,1324.4359415139618
linear,2,1700,1470.0067901249965
linear,2,1700,1528.7672251457861
linear,2,1700,1444.5353938059648
linear,2,1700,1471.530050174675
linear,2,1700,1472.6145108149265
linear,2,1700,1438.527633640265
linear,2,1700,1507.7288296520308
linear,2,1700,1430.068654633744
linear,2,1700,1386.1231498152908
linear,2,1700,1492.399634564329
linear,2,1700,1460.2315270375852
linear,2,1700,1476.4733381936153
linear,2,1700,1379.6754636473213
linear,2,1700,1318.2645591329929
linear,2,1700,1277.2702276585155
linear,2,1700,1466.5422034404114
linear,2,1700,1451.9070989926186
linear,2,1700,1413.857704846991
linear,2,1700,1360.9142099120104
linear,2,1700,1331.1719951027594
linear,2,1700,1471.1900292733264
linear,2,1700,1440.684588521323
linear,2,1700,1441.3918805237893
linear,2,1700,1418.8978970388396
linear,2,1700,1377.1633739134888
linear,2,1700,1418.9585398754311
linear,2,1700,1328.2269959725743
linear,2,1700,1499.2932520122745
linear,2,1700,1376.6058920108749
linear,2,1700,1463.616426043321
linear,2,1700,1432.5211080608267
linear,2,1700,1440.4465803827459
linear,2,1700,1357.9435672455852
linear,2,1700,1441.5081270962385
linear,2,1700,1426.7984579769202
linear,2,1700,1430.34568817484
linear,2,1700,1501.0972934083868
linear,2,1700,1316.3393982851899
linear,2,1700,1433.140191449931
linear,2,1700,1425.0158320809146
linear,2,1700,1415.0458947252293
linear,2,1700,1312.5912516135165
linear,2,1700,1506.3059237814464
linear,2,1700,1540.5861548904495
linear,2,1700,1511.9367756208428
linear,2,1700,1386.5341806461386
linear,2,1700,1478.7850708724557
linear,2,1700,1368.1418113190175
linear,2,1700,1435.4165952852688
linear,2,1700,1315.4676791377906
linear,2,1700,1562.3896776027298
linear,2,1700,1296.0307072557518
linear,2,1700,1484.028294223718
linear,2,1700,1502.4802760308266
linear,2,1700,1302.6422118530443
linear,2,1700,1423.6699018074596
linear,2,1700,1493.5013547876592
linear,2,1700,1402.9573683573449
linear,2,1700,1365.145052535824
linear,2,1700,1401.613452585523
linear,2,1700,1349.396303360267
linear,2,1700,1512.052204416967
linear,2,1700,1308.7068664313733
linear,2,1700,1349.440766675474
linear,2,1700,1463.0201422566063
linear,2,1700,1503.144507788654
linear,2,1700,1432.3787942267
linear,2,1700,1351.178917464803
linear,2,1700,1465.9571068789508
linear,2,1700,1370.751615262771
linear,2,1700,1261.3457283541702
linear,2,1700,1421.1513093477765
linear,2,1700,1359.1748469633972
linear,2,1700,1432.3638907233158
linear,2,1700,1372.238525372699
linear,2,1700,1436.8604327573719
linear,2,1700,1410.2698060689831
linear,2,1700,1469.3541598069714
linear,3,530,1316.976014457498
linear,3,530,1395.455487113209
linear,3,530,1336.3227003496677
linear,3,530,1146.6082431953794
linear,3,530,1197.4458255146205
linear,3,530,1310.875916776389
linear,3,530,1402.940677284226
linear,3,530,1224.6595065427011
linear,3,530,1320.2949105470293
linear,3,530,1482.2076811783488
linear,3,530,1334.2521543141586
linear,3,530,1456.2221763257864
linear,3,530,1226.4166643680633
linear,3,530,1278.5091802954873
linear,3,530,1265.5985919559125
linear,3,530,1516.5119293336961
linear,3,530,1251.1413437204114
linear,3,530,1374.5463876189885
linear,3,530,1381.5840823899762
linear,3,530,1514.9498376120932
linear,3,530,1434.3048966409444
linear,3,530,1301.7541642075803
linear,3,530,1348.219755738853
linear,3,530,1138.8127192931695
linear,3,530,1291.032192461316
linear,3,530,1417.2167908353567
linear,3,530,1441.9253405605432
linear,3,530,1294.4889160080809
linear,3,530,1272.6864951916295
linear,3,530,1333.1637196749343
linear,3,530,1209.2641078936606
linear,3,530,1374.039592134098
linear,3,530,1318.6231985695645
linear,3,530,1282.3789089186
linear,3,530,1379.8528178352115
linear,3,530,1512.0491152959603
linear,3,530,1403.5304683253894
linear,3,530,1347.6581749132201
linear,3,530,1356.968746072033
linear,3,530,1397.5518683119872
linear,3,530,1297.8686656777663
linear,3,530,1366.199570238332
linear,3,530,1357.2284095552309
linear,3,530,1208.2166447242714
linear,3,530,1392.9423284052855
linear,3,530,1514.3442230786004
linear,3,530,1284.0755745284712
linear,3,530,1333.21499674019
linear,3,530,1219.4039354571921
linear,3,530,1285.3456085331215
linear,3,530,1323.9915564969822
linear,3,530,1394.5146465642924
linear,3,530,1481.7262141975623
linear,3,530,1472.7835694725704
linear,3,530,1409.0994631054507
linear,3,530,1305.2536437955187
linear,3,530,1317.100821471393
linear,3,530,1199.428560138844
linear,3,530,1406.353084014971
linear,3,530,1288.8503046453036
linear,3,530,1421.3037733751148
linear,3,530,1375.1206211096971
linear,3,530,1375.6763013531604
linear,3,530,1475.0915966704288
linear,3,530,1310.7367485742386
linear,3,530,1435.8004713313874
linear,3,530,1282.7315928973014
linear,3,530,1286.9609487408975
linear,3,530,1357.520571568778
linear,3,530,1331.8084113106147
linear,3,530,1412.0513907032887
linear,3,530,1495.3146573977824
linear,3,530,1324.3423296612307
linear,3,530,1275.5294261636986
linear,3,530,1374.688398742292
linear,3,530,1386.6503845488942
linear,3,530,1373.3650391311976
linear,3,530,1343.3610685970757
linear,3,530,1411.7712834089791
linear,3,530,1437.182871513791
linear,3,530,1361.8401932839522
linear,3,530,1284.0096592186771
linear,3,530,1372.1647319370986
linear,3,530,1313.485278578647
linear,3,530,1289.2090481219702
linear,3,530,1235.7961011319665
linear,3,530,1269.0212986542508
linear,3,530,1363.6674517030242
linear,3,530,1444.7560517120332
linear,3,530,1421.9658183841013
linear,3,530,1319.9148020321322
linear,3,530,1292.0488719747625
linear,3,530,1400.1852549156563
linear,3,530,1441.0863109772874
linear,3,530,1361.6091503526916
linear,3,530,1372.9629394200801
linear,3,530,1329.5132970885709
linear,3,530,1393.6552916942655
linear,3,530,1303.8409935261016
linear,3,530,1201.5919949514328
linear,3,850,1199.869513121512
linear,3,850,1359.952554037608
linear,3,850,1438.5211108583476
linear,3,850,1397.8983574350814
linear,3,850,1385.8902544328157
linear,3,850,1195.6339976625657
linear,3,850,1344.1554653003345
linear,3,850,1360.2148133560408
linear,3,850,1452.1908462740078
linear,3,850,1363.368230403329
linear,3,850,1250.3159315178236
linear,3,850,1468.613410296243
linear,3,850,1341.3089904338942
linear,3,850,1307.9795293053317
linear,3,850,1382.467537142627
linear,3,850,1333.3477503395513
linear,3,850,1134.9259466575463
linear,3,850,1325.5235738107233
linear,3,850,1248.9274487420794
linear,3,850,1393.0552752391975
linear,3,850,1260.9536592895076
linear,3,850,1306.9382255285727
linear,3,850,1363.040073166973
linear,3,850,1391.7586185445236
linear,3,850,1588.0636327658049
linear,3,850,1324.0390807995918
linear,3,850,1392.892559268289
linear,3,850,1247.1901848754135
linear,3,850,1217.1654030924485
linear,3,850,1390.628407226174
linear,3,850,1353.7168414737491
linear,3,850,1447.0130432153821
linear,3,850,1407.916700632867
linear,3,850,1357.429449946983
linear,3,850,1353.150821636531
linear,3,850,1390.735724145117
linear,3,850,1239.0798229185727
linear,3,850,1277.8237294398773
linear,3,850,1414.9480400901627
linear,3,850,1355.548728509773
linear,3,850,1344.031435131535
linear,3,850,1210.872255622789
linear,3,850,1390.8728127762915
linear,3,850,1314.5120779880995
linear,3,850,1293.5656144451114
linear,3,850,1396.7584979523713
linear,3,850,1219.7534142789668
linear,3,850,1395.8212518056434
linear,3,850,1340.38400351041
linear,3,850,1381.0059823257197
linear,3,850,1584.5361694349033
linear,3,850,1312.5720863966296
linear,3,850,1334.9157499079033
linear,3,850,1201.3532775149001
linear,3,850,1301.0630765781998
linear,3,850,1245.7976393995752
linear,3,850,1380.7440325583102
linear,3,850,1261.7803738987957
linear,3,850,1490.7369491843388
linear,3,850,1370.6560914638908
linear,3,850,1363.9289038807021
linear,3,850,1263.0385640244099
linear,3,850,1279.0759061026215
linear,3,850,1341.5744989468387
linear,3,850,1296.2839214304558
linear,3,850,1324.785413469862
linear,3,850,1313.90433013244
linear,3,850,1290.7782342888931
linear,3,850,1296.4840788450765
linear,3,850,1306.2365017553534
linear,3,850,1239.9262440392565
linear,3,850,1337.430258393
linear,3,850,1395.1679253062157
linear,3,850,1237.9298892579554
linear,3,850,1272.8130706938684
linear,3,850,1180.5195168442094
linear,3,850,1447.1499474163263
linear,3,850,1362.5435760371986
linear,3,850,1316.9840239149298
linear,3,850,1370.1802082658512
linear,3,850,1263.5777364644166
linear,3,850,1292.0074524502768
linear,3,850,1360.7836433119849
linear,3,850,1233.4145346667663
linear,3,850,1300.7900713897407
linear,3,850,1311.5868095662465
linear,3,850,1266.449225093568
linear,3,850,1297.6457332066927
linear,3,850,1227.401306822755
linear,3,850,1349.2890540596331
linear,3,850,1179.736491884917
linear,3,850,1313.904936578897
linear,3,850,1337.8567464273592
linear,3,850,1307.9993944949927
linear,3,850,1441.5230458159115
linear,3,850,1227.6972415787347
linear,3,850,1291.3481680427192
linear,3,850,1314.7376844738226
linear,3,850,1407.9264844106256
linear,3,850,1269.8793437452257
linear,3,1700,1340.6418117748049
linear,3,1700,1303.114364264703
linear,3,1700,1262.6817944097793
linear,3,1700,1384.2965293840582
linear,3,1700,1165.361820686564
linear,3,1700,1249.546641382408
linear,3,1700,1385.8430642753522
linear,3,1700,1430.9827546406261
linear,3,1700,1367.5549456912092
linear,3,1700,1525.2801012257833
linear,3,1700,1218.2167554540042
linear,3,1700,1269.043139097611
linear,3,1700,1413.969562603059
linear,3,1700,1287.297120948191
linear,3,1700,1390.3829103006462
linear,3,1700,1248.1074614269917
linear,3,1700,1145.9901919476774
linear,3,1700,1314.7584878089547
linear,3,1700,1377.8657959137972
linear,3,1700,1415.872864518826
linear,3,1700,1329.853310841041
linear,3,1700,1343.4670078181744
linear,3,1700,1297.5830005822704
linear,3,1700,1311.536750325432
linear,3,1700,1453.1934856514151
linear,3,1700,1369.5306054319897
linear,3,1700,1274.103801854989
linear,3,1700,1380.4973903026134
linear,3,1700,1083.0959103317607
linear,3,1700,1246.398692729267
linear,3,1700,1272.0395579328354
linear,3,1700,1319.7285231567196
linear,3,1700,1252.586001610278
linear,3,1700,1263.5928260355158
linear,3,1700,1298.4227740586175
linear,3,1700,1425.1041334142128
linear,3,1700,1286.451587397735
linear,3,1700,1374.5433209871956
linear,3,1700,1343.7320694154907
linear,3,1700,1282.6147015531747
linear,3,1700,1306.1499679734588
linear,3,1700,1231.0700002857911
linear,3,1700,1332.9698325885377
linear,3,1700,1294.3800823100148
linear,3,1700,1218.5195870074174
linear,3,1700,1357.9464551588865
linear,3,1700,1475.7398837126575
linear,3,1700,1274.7588369064545
linear,3,1700,1326.2007589156233
linear,3,1700,1377.4353677741085
linear,3,1700,1348.0812820265558
linear,3,1700,1269.6460394209469
linear,3,1700,1403.6797550296399
linear,3,1700,1315.3443860743207
linear,3,1700,1378.730732636655
linear,3,1700,1346.119750047547
linear,3,1700,1341.187711075888
linear,3,1700,1392.4299362998809
linear,3,1700,1394.797976010341
linear,3,1700,1230.4458590083266
linear,3,1700,1301.5739501717323
linear,3,1700,1283.3990064248455
linear,3,1700,1366.1756410084502
linear,3,1700,1273.3496470565572
linear,3,1700,1284.9453014688454
linear,3,1700,1313.214096305247
linear,3,1700,1406.4973147261205
linear,3,1700,1177.9599882557588
linear,3,1700,1235.7994085696903
linear,3,1700,1412.4861255545875
linear,3,1700,1117.8211661831488
linear,3,1700,1233.1489402704635
linear,3,1700,1227.6998018148665
linear,3,1700,1282.4066407158514
linear,3,1700,1510.6648204741966
linear,3,1700,1279.1837583263612
linear,3,1700,1244.4782147009055
linear,3,1700,1308.4118758719771
linear,3,1700,1438.6507635903097
linear,3,1700,1333.1260973448345
linear,3,1700,1363.3405180236086
linear,3,1700,1549.3929793204586
linear,3,1700,1327.1875433177345
linear,3,1700,1252.969202870783
linear,3,1700,1354.7729336617263
linear,3,1700,1179.433777074603
linear,3,1700,1405.2048791255927
linear,3,1700,1386.7737412057163
linear,3,1700,1294.8998733253563
linear,3,1700,1330.7996632440074
linear,3,1700,1255.000804945343
linear,3,1700,1220.038012623963
linear,3,1700,1374.2757517720554
linear,3,1700,1368.1241387948385
linear,3,1700,1220.0188712131285
linear,3,1700,1280.7962936515562
linear,3,1700,1313.9569368594882
linear,3,1700,1323.2275519977313
linear,3,1700,1342.9611533300613
linear,3,1700,1380.7259970073299
linear,4,530,1332.791172110608
linear,4,530,1435.9450233688635
linear,4,530,1375.7718377506494
linear,4,530,1372.5399565078276
linear,4,530,1301.8978421539898
linear,4,530,1188.323401919782
linear,4,530,1291.0637145080402
linear,4,530,1381.4434519610818
linear,4,530,1205.622647824097
linear,4,530,1433.9541768787826
linear,4,530,1393.4388079502646
linear,4,530,1145.0169121833994
linear,4,530,1514.1487555961182
linear,4,530,1387.2697140779555
linear,4,530,1317.3868258782247
linear,4,530,1338.8562334269368
linear,4,530,1476.4899410806547
linear,4,530,1250.8735832509992
linear,4,530,1351.8311539548554
linear,4,530,1391.302927463291
linear,4,530,1508.9331072860143
linear,4,530,1268.6042448963215
linear,4,530,1380.0001142945869
linear,4,530,1390.984880091147
linear,4,530,1357.3727266300007
linear,4,530,1371.3034200305215
linear,4,530,1390.2945285627927
linear,4,530,1521.145060617641
linear,4,530,1389.2324884984866
linear,4,530,1333.2253150937186
linear,4,530,1296.2446558663262
linear,4,530,1327.5593434946024
linear,4,530,1264.92457473181
linear,4,530,1417.1018547209749
linear,4,530,1481.3091627849371
linear,4,530,1414.5133079305942
linear,4,530,1309.5787216923682
linear,4,530,1315.5918368617695
linear,4,530,1356.5962798059898
linear,4,530,1419.7494411567154
linear,4,530,1191.8647723529332
linear,4,530,1373.2199129636178
linear,4,530,1441.5120046779175
linear,4,530,1300.7728001445016
linear,4,530,1299.5002596690822
linear,4,530,1190.922460543206
linear,4,530,1502.7144904640184
linear,4,530,1287.5734279674405
linear,4,530,1343.520806759026
linear,4,530,1351.8723965115898
linear,4,530,1448.440615738679
linear,4,530,1264.649529566686
linear,4,530,1268.6048869419349
linear,4,530,1354.1696342730756
linear,4,530,1407.5905416912865
linear,4,530,1384.1946346566854
linear,4,530,1465.4789941788495
linear,4,530,1204.2054488984493
linear,4,530,1262.8381688014672
linear,4,530,1377.645016935366
linear,4,530,1312.4358289753905
linear,4,530,1368.228905446481
linear,4,530,1430.1568294570538
linear,4,530,1260.642801406718
linear,4,530,1359.2613268427706
linear,4,530,1289.2451553051853
linear,4,530,1346.410731123254
linear,4,530,1283.1600578382668
linear,4,530,1343.9843564415537
linear,4,530,1291.091818610333
linear,4,530,1476.5360679887717
linear,4,530,1471.171007575792
linear,4,530,1256.6409004902937
linear,4,530,1331.5136196444676
linear,4,530,1401.7730154906055
linear,4,530,1258.7061508386264
linear,4,530,1330.6478490707425
linear,4,530,1324.1548475407085
linear,4,530,1489.5050008244175
linear,4,530,1385.9624341439667
linear,4,530,1311.6390763951479
linear,4,530,1269.4781662908283
linear,4,530,1324.4483498268232
linear,4,530,1271.587970152966
linear,4,530,1342.4616435696664
linear,4,530,1224.7093878492112
linear,4,530,1242.4164925622963
linear,4,530,1612.4083221895637
linear,4,530,1460.4459957113952
linear,4,530,1344.2163600914184
linear,4,530,1485.5164219003018
linear,4,530,1253.9327175033977
linear,4,530,1263.4091195406413
linear,4,530,1273.2080534401234
linear,4,530,1297.1640516606872
linear,4,530,1348.9916401142443
linear,4,530,1245.6912707746137
linear,4,530,1441.3655939724981
linear,4,530,1323.35178759447
linear,4,530,1154.0899598069439
linear,4,850,1415.2621594435755
linear,4,850,1413.745096186527
linear,4,850,1267.6050974158122
linear,4,850,1383.109605174449
linear,4,850,1485.3158631463887
linear,4,850,1428.0299783140933
linear,4,850,1329.705022041869
linear,4,850,1413.7295588571915
linear,4,850,1418.0523514975355
linear,4,850,1422.2751461134426
linear,4,850,1351.7791156880342
linear,4,850,1354.9774469073168
linear,4,850,1452.5606842207328
linear,4,850,1393.2705142200377
linear,4,850,1400.8047884297616
linear,4,850,1364.2592763564699
linear,4,850,1408.6637335720588
linear,4,850,1251.725235755294
linear,4,850,1473.121636616199
linear,4,850,1258.4474674067937
linear,4,850,1321.2792390582729
linear,4,850,1399.1259871724428
linear,4,850,1298.4581057672062
linear,4,850,1388.3053656661248
linear,4,850,1435.6494846540822
linear,4,850,1430.0280037164387
linear,4,850,1442.228747749409
linear,4,850,1439.639127247814
linear,4,850,1401.2344831225553
linear,4,850,1358.4706740201295
linear,4,850,1354.5929205845234
linear,4,850,1357.2382605369926
linear,4,850,1271.0967778655358
linear,4,850,1554.5441170395272
linear,4,850,1459.7640503470159
linear,4,850,1264.0437414291869
linear,4,850,1240.0367103050214
linear,4,850,1347.8713054784246
linear,4,850,1461.1338373042845
linear,4,850,1439.1001178881263
linear,4,850,1301.236028239812
linear,4,850,1370.1111528534652
linear,4,850,1419.7206993719938
linear,4,850,1371.7249117593774
linear,4,850,1332.4050204679136
linear,4,850,1396.1716976425912
linear,4,850,1346.3906913818905
linear,4,850,1356.2561714105927
linear,4,850,1431.3840106832029
linear,4,850,1344.9060117925276
linear,4,850,1288.2123572469748
linear,4,850,1298.8918433805381
linear,4,850,1405.1910293406452
linear,4,850,1461.9081876518703
linear,4,850,1281.2243959786053
linear,4,850,1407.7397044968216
linear,4,850,1442.8675990319932
linear,4,850,1233.7530644979179
linear,4,850,1313.3419430198664
linear,4,850,1400.8777801731985
linear,4,850,1310.5459264203266
linear,4,850,1365.7920302164246
linear,4,850,1452.5152605775947
linear,4,850,1307.9005432030842
linear,4,850,1346.6228775101556
linear,4,850,1439.601768068229
linear,4,850,1373.4386929801121
linear,4,850,1598.6774696582142
linear,4,850,1330.5031725286267
linear,4,850,1413.964617666245
linear,4,850,1460.9889825596108
linear,4,850,1513.4567554381792
linear,4,850,1431.210911528015
linear,4,850,1414.2040195341453
linear,4,850,1346.1930667891063
linear,4,850,1377.7226642803073
linear,4,850,1422.2443457108172
linear,4,850,1515.3181788681916
linear,4,850,1467.5866318525295
linear,4,850,1192.353443816099
linear,4,850,1319.9777675984021
linear,4,850,1422.4159819607778
linear,4,850,1366.2239738178368
linear,4,850,1425.0823806807973
linear,4,850,1446.3760070364083
linear,4,850,1320.7157157122958
linear,4,850,1271.3974698770414
linear,4,850,1299.3398503670542
linear,4,850,1361.3195638886664
linear,4,850,1455.7654624579989
linear,4,850,1360.8742593437526
linear,4,850,1460.0450076360123
linear,4,850,1324.1884274202228
linear,4,850,1390.1973592506708
linear,4,850,1315.2583944432395
linear,4,850,1344.8770072551588
linear,4,850,1371.9384720646142
linear,4,850,1325.5127477380856
linear,4,850,1273.0872424574795
linear,4,850,1364.169985113029
linear,4,1700,1346.8949610005861
linear,4,1700,1331.1006433554705
linear,4,1700,1486.016221202932
linear,4,1700,1347.6704107840765
linear,4,1700,1215.1400987032875
linear,4,1700,1440.4236976123898
linear,4,1700,1296.5346269534284
linear,4,1700,1432.8205259197523
linear,4,1700,1397.5183451491034
linear,4,1700,1469.5617043282864
linear,4,1700,1464.6810940823734
linear,4,1700,1267.826902744954
linear,4,1700,1228.0581991187948
linear,4,1700,1369.7980921751746
linear,4,1700,1404.3432805993916
linear,4,1700,1391.3071709020655
linear,4,1700,1239.0768171608584
linear,4,1700,1262.6400596092892
linear,4,1700,1220.2211365259
linear,4,1700,1233.537824923483
linear,4,1700,1273.3432315429136
linear,4,1700,1285.761469537839
linear,4,1700,1444.8517564674833
linear,4,1700,1339.791165009903
linear,4,1700,1404.1997665740043
linear,4,1700,1440.471523723463
linear,4,1700,1298.9588076907503
linear,4,1700,1501.6715162815294
linear,4,1700,1304.8250347134801
linear,4,1700,1304.0046311383883
linear,4,1700,1311.8422774261219
linear,4,1700,1300.5517653061825
linear,4,1700,1468.1608368067875
linear,4,1700,1239.9349703116397
linear,4,1700,1415.4635277887294
linear,4,1700,1357.371956439001
linear,4,1700,1402.229172601032
linear,4,1700,1415.684986869033
linear,4,1700,1428.1044406789363
linear,4,1700,1247.8175180164412
linear,4,1700,1382.3389814862967
linear,4,1700,1371.1498792316756
linear,4,1700,1276.967246043784
linear,4,1700,1272.71307444074
linear,4,1700,1303.4035591148945
linear,4,1700,1377.4206742635597
linear,4,1700,1328.8573034893948
linear,4,1700,1503.7673489480308
linear,4,1700,1233.1066639066748
linear,4,1700,1302.9185006133484
linear,4,1700,1354.1307001548803
linear,4,1700,1367.2670931465013
linear,4,1700,1371.3613062085499
linear,4,1700,1287.7998975240046
linear,4,1700,1366.659424775607
linear,4,1700,1240.9532303214578
linear,4,1700,1293.9874761794326
linear,4,1700,1381.413731881963
linear,4,1700,1217.9587403833496
linear,4,1700,1460.9353271164925
linear,4,1700,1330.1654256554139
linear,4,1700,1458.1846762949301
linear,4,1700,1296.711642903686
linear,4,1700,1187.2385654675081
linear,4,1700,1429.072149186658
linear,4,1700,1396.25809477912
linear,4,1700,1345.204826542157
linear,4,1700,1375.1472563228504
linear,4,1700,1505.5913765937842
linear,4,1700,1457.1152258209154
linear,4,1700,1398.2945549996844
linear,4,1700,1219.0062862807313
linear,4,1700,1339.8943006124882
linear,4,1700,1477.3012617376976
linear,4,1700,1364.5167650856802
linear,4,1700,1497.450004724025
linear,4,1700,1297.607228502281
linear,4,1700,1401.845981745955
linear,4,1700,1388.8236274932012
linear,4,1700,1482.852775533393
linear,4,1700,1285.0913586968704
linear,4,1700,1366.450450029964
linear,4,1700,1394.6504879325605
linear,4,1700,1230.502328454899
linear,4,1700,1370.3427128711505
linear,4,1700,1396.1512644503568
linear,4,1700,1320.7278601545054
linear,4,1700,1383.0404691460074
linear,4,1700,1328.7865237140577
linear,4,1700,1312.2319560343221
linear,4,1700,1428.7393526062144
linear,4,1700,1259.3182040821544
linear,4,1700,1266.6322835040587
linear,4,1700,1455.860481766275
linear,4,1700,1405.9919204130633
linear,4,1700,1362.9965943676748
linear,4,1700,1355.0433429932464
linear,4,1700,1197.790160896763
linear,4,1700,1382.516388570712
linear,4,1700,1252.5030698771354
linear,5,530,1311.5959320105674
linear,5,530,1235.548267159568
linear,5,530,1218.5837462685276
linear,5,530,1220.974991279995
linear,5,530,1394.841204769991
linear,5,530,1326.5779214203108
linear,5,530,1276.2765172708864
linear,5,530,1361.5431183440915
linear,5,530,1229.793543418331
linear,5,530,1155.0883364125443
linear,5,530,1147.4439493177115
linear,5,530,1145.310434179121
linear,5,530,1349.4179211346086
linear,5,530,1205.5689403198835
linear,5,530,1167.917846631826
linear,5,530,1206.6352495010246
linear,5,530,1239.7409878899514
linear,5,530,1208.3384354130862
linear,5,530,1385.7558836116093
linear,5,530,1166.838815189095
linear,5,530,1480.370981521777
linear,5,530,1265.8562946805691
linear,5,530,1376.0888226630525
linear,5,530,1200.632584518186
linear,5,530,1251.7202669067647
linear,5,530,1247.0604087782845
linear,5,530,1232.057010838717
linear,5,530,1293.0606024720416
linear,5,530,1287.1282824102761
linear,5,530,1240.9227490837275
linear,5,530,1185.3292312903666
linear,5,530,1385.6912138456019
linear,5,530,1400.7491390487435
linear,5,530,1274.924064533196
linear,5,530,1225.3256462742277
linear,5,530,1023.0790880052533
linear,5,530,1299.6570992850639
linear,5,530,1357.8722682043378
linear,5,530,1285.801486048743
linear,5,530,1311.8608455828955
linear,5,530,1257.3461272412012
linear,5,530,1216.1482697553504
linear,5,530,1057.4222667785932
linear,5,530,1241.409439729087
linear,5,530,1217.1813547063734
linear,5,530,1273.4081907203883
linear,5,530,1294.5580373778298
linear,5,530,1109.9189579144725
linear,5,530,1223.7296904499792
linear,5,530,1167.8281201156142
linear,5,530,1318.5771727407378
linear,5,530,1207.941139995363
linear,5,530,1231.5138793122703
linear,5,530,1247.6466180538205
linear,5,530,1216.827146664596
linear,5,530,1407.3659192221387
linear,5,530,1139.3128923140441
linear,5,530,1244.6815310936204
linear,5,530,1222.1188113659884
linear,5,530,1133.2190391627726
linear,5,530,1268.4266794979926
linear,5,530,1318.83108228487
linear,5,530,1227.997788553813
linear,5,530,1188.6197440183378
linear,5,530,1131.668330633428
linear,5,530,1269.493139595586
linear,5,530,1211.8053444194745
linear,5,530,1089.9383606034023
linear,5,530,1164.9264177970908
linear,5,530,1230.844134010594
linear,5,530,1213.6806145869575
linear,5,530,1233.4225506528974
linear,5,530,1378.7481773227514
linear,5,530,1236.4703526945696
linear,5,530,1249.9432605710983
linear,5,530,1389.6319540343463
linear,5,530,1316.028265191271
linear,5,530,1262.717213767987
linear,5,530,1232.5626292008933
linear,5,530,1257.1613480487963
linear,5,530,1201.8987136510677
linear,5,530,1481.7622716315918
linear,5,530,1395.384780425267
linear,5,530,1218.049356488122
linear,5,530,1376.5099708668072
linear,5,530,1350.9591899505483
linear,5,530,1273.6384907764925
linear,5,530,1117.1134611686375
linear,5,530,1413.535440524766
linear,5,530,1175.3433676469328
linear,5,530,1265.0138267707978
linear,5,530,1188.6773993401046
linear,5,530,1179.965117975427
linear,5,530,1290.3119307882498
linear,5,530,1151.9298907330542
linear,5,530,1246.934900016343
linear,5,530,1121.6040925133784
linear,5,530,1224.197589151404
linear,5,530,1109.6577995303455
linear,5,530,1269.3267222837835
linear,5,850,1255.2956663469877
linear,5,850,1399.6540693982683
linear,5,850,1273.5255971378344
linear,5,850,1311.7395147302555
linear,5,850,1287.0606862689876
linear,5,850,1386.5804236658228
linear,5,850,1286.6281042870473
linear,5,850,1364.631686150495
linear,5,850,1273.7323056835628
linear,5,850,1287.9796588380736
linear,5,850,1298.745533495581
linear,5,850,1291.2723683528657
linear,5,850,1312.26056299936
linear,5,850,1412.356226140731
linear,5,850,1313.8962476527636
linear,5,850,1367.3714130546189
linear,5,850,1299.4501275720222
linear,5,850,1238.1230523873796
linear,5,850,1246.9927435507966
linear,5,850,1380.3982624528235
linear,5,850,1227.2729116571145
linear,5,850,1191.6715627243918
linear,5,850,1295.3544173770804
linear,5,850,1286.1177711529351
linear,5,850,1397.9684685448344
linear,5,850,1319.207527950012
linear,5,850,1301.4560728481983
linear,5,850,1225.546338639176
linear,5,850,1276.1635304762658
linear,5,850,1202.0457906628574
linear,5,850,1255.6826733570842
linear,5,850,1158.0044478830869
linear,5,850,1418.0069390552103
linear,5,850,1366.44931730561
linear,5,850,1304.035772315467
linear,5,850,1281.5674714919674
linear,5,850,1314.4033223890663
linear,5,850,1237.3609363547268
linear,5,850,1236.0062948238788
linear,5,850,1277.587620409712
linear,5,850,1198.793298435755
linear,5,850,1414.201404770631
linear,5,850,1344.0607366024255
linear,5,850,1343.4801665431978
linear,5,850,1455.723329131193
linear,5,850,1320.5781499701716
linear,5,850,1240.2812266111923
linear,5,850,1289.8605678528538
linear,5,850,1249.2056763543947
linear,5,850,1279.3324511838114
linear,5,850,1348.7710718558837
linear,5,850,1305.7325120386054
linear,5,850,1300.6231884874408
linear,5,850,1366.670350994769
linear,5,850,1260.8427913697535
linear,5,850,1385.1185871644213
linear,5,850,1224.8128627962137
linear,5,850,1280.5334939059915
linear,5,850,1373.3210021866994
linear,5,850,1372.203143803119
linear,5,850,1234.8119729415514
linear,5,850,1190.399423294507
linear,5,850,1264.241095581663
linear,5,850,1308.684854481199
linear,5,850,1250.5965206928222
linear,5,850,1290.648741510461
linear,5,850,1278.9660329560604
linear,5,850,1092.8100202522494
linear,5,850,1094.4265143539642
linear,5,850,1235.2374956431177
linear,5,850,1234.94900552439
linear,5,850,1372.3526009494192
linear,5,850,1384.819307582806
linear,5,850,1288.3638454554193
linear,5,850,1205.3274778310567
linear,5,850,1335.4826174360005
linear,5,850,1219.777110651161
linear,5,850,1294.4487914632919
linear,5,850,1224.2603962144788
linear,5,850,1226.588017147498
linear,5,850,1282.5839107883946
linear,5,850,1246.7443854876226
linear,5,850,1358.4048048716097
linear,5,850,1284.6966385272062
linear,5,850,1227.1548387079283
linear,5,850,1245.1518102543096
linear,5,850,1273.7122989540474
linear,5,850,1212.807300861386
linear,5,850,1338.1822422504854
linear,5,850,1345.8148900653339
linear,5,850,1360.0852030320848
linear,5,850,1435.0095112984907
linear,5,850,1210.7556380910135
linear,5,850,1386.5504861195764
linear,5,850,1242.0695646411573
linear,5,850,1276.3766203949453
linear,5,850,1189.9005471759376
linear,5,850,1148.23268328489
linear,5,850,1419.3760091680633
linear,5,850,1245.4172931061896
linear,5,1700,1253.1535504450555
linear,5,1700,1264.6119072425004
linear,5,1700,1258.8764641935102
linear,5,1700,1271.3827055229258
linear,5,1700,1292.1248355338657
linear,5,1700,1241.1618357078435
linear,5,1700,1333.6537287610765
linear,5,1700,1279.5714372313935
linear,5,1700,1264.5330202366547
linear,5,1700,1219.961271388763
linear,5,1700,1207.9680247112674
linear,5,1700,1110.7877562250533
linear,5,1700,1256.0415467627515
linear,5,1700,1262.78185994568
linear,5,1700,1368.6290719933331
linear,5,1700,1321.3182150453217
linear,5,1700,1196.2822918231727
linear,5,1700,1324.2235607244613
linear,5,1700,1299.5522458455214
linear,5,1700,1360.7068918126333
linear,5,1700,1422.9494643676928
linear,5,1700,1347.257044050812
linear,5,1700,1290.2738424083968
linear,5,1700,1233.8752360716476
linear,5,1700,1218.534721708132
linear,5,1700,1199.5086646511024
linear,5,1700,1350.6967462503972
linear,5,1700,1260.0452498980944
linear,5,1700,1273.5505179811237
linear,5,1700,1208.8663618023868
linear,5,1700,1325.553092450776
linear,5,1700,1384.9689277693694
linear,5,1700,1428.6262455042329
linear,5,1700,1186.1509428900529
linear,5,1700,1227.1906386572425
linear,5,1700,1169.588291377574
linear,5,1700,1252.7020372236805
linear,5,1700,1223.484195903133
linear,5,1700,1264.8316933932838
linear,5,1700,1381.8654179043058
linear,5,1700,1211.7568770180603
linear,5,1700,1199.196764481781
linear,5,1700,1395.7064799156005
linear,5,1700,1335.2355804843107
linear,5,1700,1290.5445820590644
linear,5,1700,1370.8821267957312
linear,5,1700,1258.579459082193
linear,5,1700,1111.3698128262376
linear,5,1700,1284.9140321832253
linear,5,1700,1256.704395838899
linear,5,1700,1223.734397128601
linear,5,1700,1277.3157693887365
linear,5,1700,1382.654283574653
linear,5,1700,1414.994879983818
linear,5,1700,1231.4588733157625
linear,5,1700,1213.1258137907153
linear,5,1700,1418.645777914622
linear,5,1700,1304.4492097390525
linear,5,1700,1183.4288443903545
linear,5,1700,1283.0455714646837
linear,5,1700,1203.3687075845223
linear,5,1700,1455.8664629833756
linear,5,1700,1438.8107294161464
linear,5,1700,1317.6764613194534
linear,5,1700,1153.1778575176397
linear,5,1700,1191.660298115705
linear,5,1700,1238.6936913895947
linear,5,1700,1387.1062678156673
linear,5,1700,1347.7250752439184
linear,5,1700,1448.440363055829
linear,5,1700,1240.8790723008194
linear,5,1700,1295.425305007351
linear,5,1700,1212.2005247856412
linear,5,1700,1410.892253962227
linear,5,1700,1438.2744690674529
linear,5,1700,1267.5153703931962
linear,5,1700,1213.539285626555
linear,5,1700,1413.0115592393938
linear,5,1700,1386.7400771709838
linear,5,1700,1332.6516320928085
linear,5,1700,1207.6550018729279
linear,5,1700,1406.7290220989391
linear,5,1700,1232.901132609992
linear,5,1700,1258.9839812283647
linear,5,1700,1244.3598290560278
linear,5,1700,1392.2654843476607
linear,5,1700,1259.9306980013052
linear,5,1700,1277.16858063693
linear,5,1700,1303.047273938116
linear,5,1700,1405.8166490612612
linear,5,1700,1361.856701425967
linear,5,1700,1281.9715906062502
linear,5,1700,1262.687426480898
linear,5,1700,1377.9573345084611
linear,5,1700,1409.2484327056661
linear,5,1700,1120.043774276776
linear,5,1700,1462.1410640387621
linear,5,1700,1230.2227228592285
linear,5,1700,1269.906662357418
linear,5,1700,1321.0930616999713
linear,6,530,1260.5506766337955
linear,6,530,1255.3801361478502
linear,6,530,1137.9690020584947
linear,6,530,1244.4123957881975
linear,6,530,1378.8492511646873
linear,6,530,1288.0237777344107
linear,6,530,1209.4162662681072
linear,6,530,1331.2977418469904
linear,6,530,1094.7698896326465
linear,6,530,1270.4055410818771
linear,6,530,1221.3268564062464
linear,6,530,1134.2836227591615
linear,6,530,1218.9588513135254
linear,6,530,1269.599888035097
linear,6,530,1218.4121864614135
linear,6,530,1200.6603472125284
linear,6,530,1293.3118195285601
linear,6,530,1230.5380306808022
linear,6,530,1327.2694338301521
linear,6,530,1302.4179680949776
linear,6,530,1191.5647355886945
linear,6,530,1039.858908717271
linear,6,530,1353.7517629379367
linear,6,530,1395.565547057714
linear,6,530,1265.3206828998445
linear,6,530,1302.9890819514985
linear,6,530,1184.3432252638802
linear,6,530,1248.5622338593928
linear,6,530,1246.5230355312754
linear,6,530,1250.0792168756316
linear,6,530,1185.9271992819622
linear,6,530,1316.3293237739385
linear,6,530,1243.5564016028998
linear,6,530,1323.0445142840067
linear,6,530,1231.936011802063
linear,6,530,1244.998317292326
linear,6,530,1397.8176004187205
linear,6,530,1321.2272981119975
linear,6,530,1241.9690438433993
linear,6,530,1294.4536658700388
linear,6,530,1462.8155797737272
linear,6,530,1228.509296324538
linear,6,530,1300.7473008067464
linear,6,530,1336.2331844539121
linear,6,530,1216.770519850937
linear,6,530,1359.1439390080689
linear,6,530,1296.7621340034243
linear,6,530,1185.5423233042561
linear,6,530,1208.225886435766
linear,6,530,1270.7221174659237
linear,6,530,1290.8453482831135
linear,6,530,1326.7135129991523
linear,6,530,1362.873931286911
linear,6,530,1217.0824631600617
linear,6,530,1105.3703399325564
linear,6,530,1336.115506928722
linear,6,530,1180.209704879438
linear,6,530,1213.0483665200622
linear,6,530,1226.98773783984
linear,6,530,1373.3930776495538
linear,6,530,1213.6876149494037
linear,6,530,1266.520717155037
linear,6,530,1386.8179974260615
linear,6,530,1289.2916037263824
linear,6,530,1281.616142121006
linear,6,530,1189.7725590319983
linear,6,530,1244.379794443351
linear,6,530,1294.6686916524466
linear,6,530,1406.697871702636
linear,6,530,1308.6414899316092
linear,6,530,1210.5539121363827
linear,6,530,1249.5962362115981
linear,6,530,1255.2589943584123
linear,6,530,1256.9421900095572
linear,6,530,1240.901781775347
linear,6,530,1197.7024694589056
linear,6,530,1181.4417086422643
linear,6,530,1332.3845511582906
linear,6,530,1278.6717956362331
linear,6,530,1388.6529929132446
linear,6,530,1220.3896657674363
linear,6,530,1225.326325322686
linear,6,530,1254.6275618463374
linear,6,530,1180.0414978397555
linear,6,530,1389.9777850352373
linear,6,530,1312.5525047216631
linear,6,530,1267.7338108444378
linear,6,530,1223.5462307268906
linear,6,530,1411.1350612534068
linear,6,530,1338.95985313398
linear,6,530,1163.1332969222537
linear,6,530,1269.9100312688156
linear,6,530,1096.102224746199
linear,6,530,1317.0372116712892
linear,6,530,1284.9371586073742
linear,6,530,1227.7659508875252
linear,6,530,1270.9566145497815
linear,6,530,1111.8311277332227
linear,6,530,1241.3789984514258
linear,6,530,1424.7215139375096
linear,6,850,1289.474832050663
linear,6,850,1127.7376869487807
linear,6,850,1168.9919572927229
linear,6,850,1249.8946780655635
linear,6,850,1185.2030752922433
linear,6,850,1152.351124478647
linear,6,850,1260.4445708920211
linear,6,850,1152.4700209867979
linear,6,850,1114.4854165008155
linear,6,850,1366.5008014147363
linear,6,850,1419.7824508838517
linear,6,850,1306.7996540812505
linear,6,850,1220.0012064146374
linear,6,850,1191.1051187001137
linear,6,850,1185.8977304018886
linear,6,850,1375.8725726880405
linear,6,850,1362.5372497773299
linear,6,850,1308.919178965079
linear,6,850,1218.5038897811662
linear,6,850,1199.4798400665538
linear,6,850,1296.1277096198571
linear,6,850,1160.9983545029809
linear,6,850,1203.3300013827068
linear,6,850,1199.2215858206275
linear,6,850,1202.0283332104661
linear,6,850,1382.3431029417668
linear,6,850,1226.578016324778
linear,6,850,1176.240056239256
linear,6,850,1303.4759953851985
linear,6,850,1227.275112666052
linear,6,850,1152.4870200670125
linear,6,850,1173.7762239514923
linear,6,850,1275.1248354293557
linear,6,850,1243.4606752201967
linear,6,850,1260.504166054936
linear,6,850,1225.8185347149392
linear,6,850,1287.777719933224
linear,6,850,1294.633548933299
linear,6,850,1161.8168974600733
linear,6,850,1175.859946624137
linear,6,850,1207.8625551693103
linear,6,850,1225.8728532527148
linear,6,850,1298.497946486156
linear,6,850,1240.769996456513
linear,6,850,1193.7178727058536
linear,6,850,1127.9197681004616
linear,6,850,1206.1070307992388
linear,6,850,1162.9494678138349
linear,6,850,1314.4286127177043
linear,6,850,1359.5551285665024
linear,6,850,1301.9372116502536
linear,6,850,1303.084398844615
linear,6,850,1165.5987762357724
linear,6,850,1241.0759391981294
linear,6,850,1154.8764746168404
linear,6,850,1151.2490044002923
linear,6,850,1223.4206707561398
linear,6,850,1320.4469522619759
linear,6,850,1267.5174689817818
linear,6,850,1254.3663675065197
linear,6,850,1248.098947493916
linear,6,850,1306.9534648699093
linear,6,850,1168.3188404416937
linear,6,850,1230.7524928738128
linear,6,850,1234.2962735998144
linear,6,850,1257.1449746198955
linear,6,850,1281.2056856158808
linear,6,850,1069.630814515124
linear,6,850,1242.8056537593532
linear,6,850,1210.6575442513938
linear,6,850,1271.479478769821
linear,6,850,1269.8016014592142
linear,6,850,1278.1111428281172
linear,6,850,1152.1153311242751
linear,6,850,1243.0378024516187
linear,6,850,1258.1610870623497
linear,6,850,1261.3447152776275
linear,6,850,1178.5229856586416
linear,6,850,1135.0441325273648
linear,6,850,1131.0628306276321
linear,6,850,1145.8208165093272
linear,6,850,1268.5589112610544
linear,6,850,1186.359182143002
linear,6,850,1247.908695011932
linear,6,850,1260.719046136133
linear,6,850,1161.9351226391213
linear,6,850,1131.927186700952
linear,6,850,1219.83445196738
linear,6,850,1207.9026421742367
linear,6,850,1255.3508847795063
linear,6,850,1159.720525323843
linear,6,850,1242.6230258637036
linear,6,850,1320.2677942635162
linear,6,850,1123.5117226525238
linear,6,850,1310.5009343406507
linear,6,850,1162.7971573341847
linear,6,850,1265.9597466334005
linear,6,850,1246.7972541855308
linear,6,850,1131.604232802334
linear,6,850,1085.6896564776025
linear,6,1700,1240.2015235390209
linear,6,1700,1201.029373192018
linear,6,1700,1200.8277344640114
linear,6,1700,1303.6352886517152
linear,6,1700,1334.7730506818966
linear,6,1700,1212.83577205592
linear,6,1700,1297.0066327149586
linear,6,1700,1260.167007550455
linear,6,1700,1346.6347714474102
linear,6,1700,1238.425566562029
linear,6,1700,1053.3298573418635
linear,6,1700,1168.3513937372531
linear,6,1700,1283.543208366031
linear,6,1700,1254.7496027381087
linear,6,1700,1289.621953816446
linear,6,1700,1159.7637862676922
linear,6,1700,1337.9995169388817
linear,6,1700,1312.68907344681
linear,6,1700,1289.5834211207266
linear,6,1700,1122.6092350985095
linear,6,1700,1307.038512390634
linear,6,1700,1332.3996957221168
linear,6,1700,1180.5831533129601
linear,6,1700,1389.5080872621684
linear,6,1700,1260.127860772123
linear,6,1700,1465.0159776682813
linear,6,1700,1265.8362652798094
linear,6,1700,1273.5407631058242
linear,6,1700,1213.4070432529118
linear,6,1700,1276.9963504768489
linear,6,1700,1242.642596566771
linear,6,1700,1230.0365867620424
linear,6,1700,1264.5980313900711
linear,6,1700,1288.2354639887944
linear,6,1700,1163.9110967161162
linear,6,1700,1248.7711786427014
linear,6,1700,1416.894336656193
linear,6,1700,1230.1010614301792
linear,6,1700,1230.317011789551
linear,6,1700,1145.484712398407
linear,6,1700,1177.6370416998732
linear,6,1700,1227.186339796473
linear,6,1700,1319.8641749738922
linear,6,1700,1315.9331447727213
linear,6,1700,1225.014343596352
linear,6,1700,1188.7365716718048
linear,6,1700,1347.470261398096
linear,6,1700,1309.9206669801163
linear,6,1700,1318.7843448498618
linear,6,1700,1177.9676307473735
linear,6,1700,1363.8575484267494
linear,6,1700,1398.8977234837191
linear,6,1700,1296.3333174918596
linear,6,1700,1051.9593682154423
linear,6,1700,1296.4567028790177
linear,6,1700,1166.076029253583
linear,6,1700,1205.0229809252114
linear,6,1700,1455.1360865149952
linear,6,1700,1222.791480902382
linear,6,1700,1216.8267816010127
linear,6,1700,1259.8044265882295
linear,6,1700,1351.1637632718937
linear,6,1700,1156.9468705550548
linear,6,1700,1247.4278283982426
linear,6,1700,1319.1611738643835
linear,6,1700,1220.9569398282144
linear,6,1700,1296.292627687029
linear,6,1700,1220.9542679022904
linear,6,1700,1201.1430131612547
linear,6,1700,1263.5819352607366
linear,6,1700,1089.890075757349
linear,6,1700,1098.3056601434164
linear,6,1700,1469.3588920846018
linear,6,1700,1189.7522249209937
linear,6,1700,1292.5602621969692
linear,6,1700,1184.3285526759746
linear,6,1700,1346.590366153146
linear,6,1700,1256.386377638139
linear,6,1700,1328.5518487741454
linear,6,1700,1317.9273303885966
linear,6,1700,1354.0734262973683
linear,6,1700,1334.0307091833722
linear,6,1700,1332.2937697437158
linear,6,1700,1364.996938604895
linear,6,1700,1345.2955827394853
linear,6,1700,1300.4800823647295
linear,6,1700,1285.513683252721
linear,6,1700,1338.4352289632156
linear,6,1700,1339.021895571998
linear,6,1700,1285.2412259888467
linear,6,1700,1342.5307696037398
linear,6,1700,1450.089966925833
linear,6,1700,1313.4818709712135
linear,6,1700,1335.8626797905952
linear,6,1700,1203.9708275345836
linear,6,1700,1254.5891100523643
linear,6,1700,1492.1862466031184
linear,6,1700,1183.5875013033904
linear,6,1700,1287.777567057466
linear,6,1700,1337.107481608267
linear,7,530,1250.0307684191591
linear,7,530,1159.441640229805
linear,7,530,1266.0718243754836
linear,7,530,1309.2318808152152
linear,7,530,1116.8142516699045
linear,7,530,1356.438090063856
linear,7,530,1210.905308896143
linear,7,530,1141.5332009313986
linear,7,530,1243.1978660377747
linear,7,530,1192.3197528514183
linear,7,530,1262.3007679308103
linear,7,530,1246.8199663971811
linear,7,530,1323.9242742339773
linear,7,530,1157.5343522706917
linear,7,530,1260.2574564992178
linear,7,530,1164.6061431825276
linear,7,530,1375.7874255931495
linear,7,530,1353.338438515134
linear,7,530,1196.6291009648096
linear,7,530,1226.4845703287888
linear,7,530,1253.9487913801179
linear,7,530,1228.7155087482654
linear,7,530,1319.2678928468513
linear,7,530,1145.7389277095945
linear,7,530,1200.9218696902478
linear,7,530,1101.678459128434
linear,7,530,1223.8576268779443
linear,7,530,1276.077735320242
linear,7,530,1217.7257442361895
linear,7,530,1194.2122416188872
linear,7,530,1171.6214639399227
linear,7,530,1228.3922269433292
linear,7,530,1406.57853161086
linear,7,530,1199.6848835018955
linear,7,530,1072.6182383855241
linear,7,530,1347.9197953548621
linear,7,530,1173.2997358322002
linear,7,530,1196.6893993171923
linear,7,530,1183.5120250289021
linear,7,530,1345.2130557901319
linear,7,530,1342.6473275023225
linear,7,530,1251.5021573431256
linear,7,530,1138.010279383667
linear,7,530,1236.092890373023
linear,7,530,1193.7840584932349
linear,7,530,1122.8684205104198
linear,7,530,1193.5626615219974
linear,7,530,1140.892561340563
linear,7,530,1146.6963812141435
linear,7,530,1319.3357608264967
linear,7,530,1271.3761039630888
linear,7,530,1257.6433707020824
linear,7,530,1428.0696497936542
linear,7,530,1321.209583852218
linear,7,530,1209.515984745466
linear,7,530,1215.710053676709
linear,7,530,1166.524009648092
linear,7,530,1104.195699389576
linear,7,530,1245.1365762812038
linear,7,530,1143.5667200524153
linear,7,530,1223.4462495104196
linear,7,530,1211.0819765032365
linear,7,530,1284.5778313745611
linear,7,530,1225.526774042715
linear,7,530,1211.7493401155405
linear,7,530,1216.4613316407215
linear,7,530,1203.3345779660942
linear,7,530,1277.295928722354
linear,7,530,1233.7904626663596
linear,7,530,1178.0177415863689
linear,7,530,1381.1610962274228
linear,7,530,1169.4121690853358
linear,7,530,1268.678181836452
linear,7,530,1285.4682774137877
linear,7,530,1171.3393807060213
linear,7,530,1325.7269076828115
linear,7,530,1198.4194388879125
linear,7,530,1364.113787336637
linear,7,530,1274.751281536381
linear,7,530,1256.62060178814
linear,7,530,1314.2070677716322
linear,7,530,1174.6744901113923
linear,7,530,1294.725717014004
linear,7,530,1253.0470549073275
linear,7,530,1102.0825996803492
linear,7,530,1163.7732292809765
linear,7,530,1289.2893142039466
linear,7,530,1240.2778754055232
linear,7,530,1277.3385708656506
linear,7,530,1195.933619981995
linear,7,530,1063.3225798166227
linear,7,530,1222.0654952654356
linear,7,530,1274.714608451166
linear,7,530,1239.8033310294818
linear,7,530,1336.9412477945543
linear,7,530,1230.5263856961305
linear,7,530,1368.7762646768385
linear,7,530,1419.8394686423362
linear,7,530,1249.3660934355207
linear,7,530,1398.3641637825635
linear,7,850,1203.288654503864
linear,7,850,1202.909273050833
linear,7,850,1342.9235017230856
linear,7,850,1289.2635603162973
linear,7,850,1149.9609824383817
linear,7,850,1206.19321061816
